5555555550101202311111
4444444440205202412345
3333333330312202512346
2222222220412202612347
1111111110511202712348
9999999990609202812349
8888888880712202912350
7777777770810203012351
6666666660912203112352
5555555551006203212353
4444444441112203312354
3333333331210203412355
2222222221312203512356
1111111111410203612357
9999999991505203712358
8888888881611203812359
7777777771707203912360
6666666661812204012361
5555555551910204112362
4444444442005204212363
3333333332112204312364
2222222222210204412365
1111111112309204512366
9999999992411204612367
8888888882510204712368
7777777772609204812369
6666666662712204912370
5555555552805205012371
4444444442910205112372
3333333333006205212373
2222222223112205312374
1111111113210205412375
9999999993305205512376
8888888883411205612377
7777777773512205712378
6666666663610205812379
5555555553709205912380
4444444443812206012381
3333333333910206112382
2222222224005206212383
1111111114112206312384
9999999994210206412385
8888888884309206512386
7777777774411206612387
6666666664510206712388
5555555554609206812389
4444444444712206912390
3333333334805207012391
2222222224910207112392
1111111115006207212393
9999999995112207312394
8888888885210207412395
