5555555550101202311111234567890
4444444440205202412345678901234
3333333330312202512345678905678
2222222220412202612345678909012
1111111110511202712345678903456
9999999990609202812345678907890
8888888880712202912345678901234
7777777770810203012345678905678
6666666660912203112345678909012
5555555551006203212345678903456
4444444441112203312345678907890
3333333331210203412345678901234
2222222221312203512345678905678
1111111111410203612345678909012
9999999991505203712345678903456
8888888881611203812345678907890
7777777771707203912345678901234
6666666661812204012345678905678
5555555551910204112345678909012
4444444442005204212345678903456
3333333332112204312345678907890
2222222222210204412345678901234
1111111112309204512345678905678
9999999992411204612345678909012
8888888882510204712345678903456
7777777772609204812345678907890
6666666662712204912345678901234
5555555552805205012345678905678
4444444442910205112345678909012
3333333333006205212345678903456
2222222223112205312345678907890
1111111113210205412345678901234
9999999993305205512345678905678
8888888883411205612345678909012
7777777773512205712345678903456
6666666663610205812345678907890
5555555553709205912345678901234
4444444443812206012345678905678
3333333333910206112345678909012
2222222224005206212345678903456
1111111114112206312345678907890
9999999994210206412345678901234
8888888884309206512345678905678
7777777774411206612345678909012
6666666664510206712345678903456
5555555554609206812345678907890
4444444444712206912345678901234
3333333334805207012345678905678
2222222224910207112345678909012
1111111115006207212345678903456
9999999995112207312345678907890
8888888885210207412345678901234
